70802657
87775505
97365885
82793149
44233627
39122870
101992129
56170325
37435967
82723208
47428616
37967138
69438335
71805623
37388367
42225674
57915187
94622316
49033716
42106882
86808185
40739002
66434618
92090294
71384250
91614225
45439332
82254991
48086402
47145840
38476016
69242549
80260477
38846131
94704961
74534067
41422559
66434604
38445514
38395278
86808171
46726660
74024167
48041496
42848564
51069278
83478143
77426123
70534872
37967187
89181725
49033665
59882880
49588371
57986116
100456372
39122856
87522310
87519788
65858006
74744157
40390327
102397441
56738064
39566021
99574356
61638960
47072576
38150942
44233613
93873731
49768110
35364588
63450091
76806577
37663255
82871415
47889729
39817210
100212171
95576667
68708150
37435982
80953174
35364574
38325635
50136989
103454087
75772459
49768096
79833437
66502287
49033130
65823359
38445500
101645813
37390526
73360216
93392112
37390489
59510192
72335793
77426109
42921013
75173233
42848550
81085070
37388368
95934880
47428651
104149142
37967173
74534082
82254992
57915188
35364537
46461131
68881157
42848599
86808186
93514362
40390328
38325621
42248337
94704962
37493841
103801489
38846132
78414749
80260441
70802658
93012036
97365886
82793150
49111009
46075390
65764499
70981195
66097611
74024168
101992130
72285686
44233628
69438336
99847535
48903341
60621239
59937917
57732269
52315307
39825947
99311249
49033666
37663270
73086263
53175331
89400489
75173234
74744158
50137004
99847521
75772474
48141268
63450092
48655247
57732255
39816873
78703041
79833438
47889730
62568975
38007749
39565985
83478144
77426124
41893983
39566085
37967188
49033715
94622315
101645814
65823360
92090293
71384249
40739001
49111010
42848614
66467578
37390490
38325636
42106881
45439331
38526623
38476015
38363675
47428652
39566071
82871416
99311235
76806578
35364538
90714289
47428615
46461132
53116136
50136990
75772460
59554212
42225673
103454088
82723207
37663256
87522309
39122855
78414750
87519787
98157925
70981196
56738063
49409126
99574355
61638959
47072575
65764500
96576354
48086401
99847536
48903342
57193276
37967223
35364587
59351459
57732270
38150941
52315308
46726659
66434603
99311250
49033701
38476001
42848600
38325622
48041495
38007764
68881158
38395277
35110842
37967137
37493842
57986115
98643268
78703042
70534871
59882879
103801490
43349189
49033129
38007750
39816874
38445499
90714290
93392111
59288869
37390525
66244797
56880084
80953173
39565986
59510191
35110828
40615965
73360215
37435981
81085069
41893984
95934879
37967123
42848549
104149141
38363690
78695468
39566086
67876034
54537367
39817209
73086264
68708149
53175332
51069277
39825948
62568976
69823120
99847522
82619856
38363676
49033630
78862896
49768095
35364573
60913554
39816688
39291168
46532279
37783835
93514364
72000204
62654578
70981194
80260457
38007733
51069312
50301004
37435947
103454089
68600773
37967221
38059724
40054524
37663257
56170305
41893950
49111011
37390491
38475999
96576355
42248336
35364539
103801488
74534084
37493840
49033132
44233593
91037261
99311251
94426599
40957668
39816872
78703040
50301007
65764498
42848584
39566001
86808188
66160132
35110826
75772493
58099661
37493826
103801491
39816875
39816689
37967204
54537365
80260443
47889749
89400488
80260426
101992132
73849254
40054527
81679982
38363691
90256653
99847520
39817207
77426126
99311234
37967190
43159750
38325655
42106883
71502908
73086265
71805621
62568977
50137006
92874011
37967153
75772476
72453580
82619857
48141270
91614223
69823121
52378564
69438333
60913555
78862897
35364557
49033714
49033731
50706966
71384265
37390509
40739000
38325652
47889732
81845469
41893968
39565987
71384251
100415093
90714291
38363674
67876035
59351458
46726658
39122857
69762254
77335109
62433838
66434619
40738986
38325638
38476017
42848430
75591329
49111012
37967136
96576356
61638961
48086403
38743582
38476000
35364540
57986131
87775486
47145841
87775503
46461134
82793133
45439330
87519786
37783836
37784921
82723209
37390492
42848533
99574354
52378567
37435965
46075410
37435948
59554214
47428617
70534873
37967139
94704959
42225675
73237260
76806575
98643270
39122840
82871413
49033732
82254975
41422557
54049730
44477830
103454085
38363709
38363692
93392113
97063709
43123518
39817208
52315310
57193278
78695470
38007766
73237263
38445515
39825950
53175334
59882881
48041497
37967122
81322437
57591737
99311252
38445498
53796801
60913556
45707351
38846130
86808184
37663253
59510193
91614224
39565988
71384269
71384252
95934881
37388369
67876036
94622318
42248335
49033131
37493839
56782150
42848634
42106884
44233626
93514363
45478741
37390556
72000203
46412951
70126522
72335791
70976885
45707348
39291167
40054523
57322647
74534066
38445516
76867726
57986118
37967203
38445533
37390559
48086404
42159977
45439334
42225676
48241878
101992131
94704960
63450090
87775504
82254993
85733422
78703039
66434620
38395294
40390329
86808170
42848583
74024169
86808187
102397440
82254976
51069294
42848580
51069311
60621237
38059723
49033664
49033681
49588370
97365902
47889731
41893964
38526621
79200522
41893981
40738999
47428650
42848566
72335792
41893967
39566069
57732253
83478145
99847519
75173232
49033650
49033667
45071893
100212170
76806576
99571078
65823361
95576666
71502907
35364590
71424845
56833758
75772475
75173235
37967186
75772458
84511410
35364582
62568985
71956377
100415101
42848558
61807063
56833767
102397435
84511402
99847528
44233601
49033659
54537373
46143020
42848575
40615974
47889740
44233584
92665329
51069286
81845460
75772484
72453588
81085078
92874016
75173244
93873722
37967178
37967195
41893993
39816680
39816697
87522301
65858014
78703031
79200514
79200531
71502916
78023001
47428642
37435973
42848541
62568968
42848524
47428625
86238649
49033642
35364565
78862905
35364548
97365911
77335100
97365894
99571087
77335117
73086256
80953165
59670054
59288861
75591337
40738991
37435990
41893976
82723217
37967161
75772467
41893959
82619848
80260469
72285694
47145849
63025535
75772450
82793141
37783844
68708141
38476025
44446236
37390500
59882889
38475991
38476008
37435956
48041505
35364531
73849246
93012030
53796826
57915182
39122865
39122848
80260452
56170300
53175339
80260435
66097602
46075398
56170317
96576364
57591745
101309953
37783827
39825955
62654570
50136998
81679991
48041488
70126527
58033021
81679974
89400483
89181717
50137015
53796809
79833446
49033723
44233588
101645822
91614232
39041509
42848622
66160127
45478749
74744149
53838057
41422548
81322428
39565996
49768105
38363700
39566013
38363683
67876044
38363666
77426118
39816867
63101760
99311243
99311226
45759985
67614911
58706682
42921005
71384260
52378559
91290778
62433847
37388377
37388360
49033689
68285415
100456379
87775512
49033706
59656401
45298721
73360208
39565979
42159985
60621245
70976893
48821275
57986123
90714283
94704951
37967148
37967165
87775495
82255001
99188805
99311209
78414758
69762246
42106875
90107134
42848422
38325647
38325630
59510184
87519761
99574346
59670058
38743574
46075402
68109850
57732261
49033672
59351450
40615970
66097606
76806584
66434611
40390337
102397431
79200527
54049722
74024160
49098269
52315319
41893989
57986106
37967114
37967131
39566077
52315302
48655253
43106398
38445524
82254984
47937204
38445507
98643279
87519778
38325613
66467584
83478136
63722996
66502297
103454080
57732244
38445473
38846139
38445490
69247217
50667918
73299874
49033140
56782159
38007758
76806567
73237255
56373690
38526612
46532284
38007741
80260465
72849055
94622327
37967097
44676668
38325579
72335783
37663265
97602844
95038616
62654583
39291176
87023767
39825942
94426604
40054532
101992140
48241870
98242196
39291159
45517219
38059715
37967229
74534075
42848609
37967212
48302906
45372121
45707360
44233618
56170313
69978906
47837494
39771241
47072581
42848592
72000195
56738069
66160140
86808196
103801479
51673810
51069303
93514372
44233635
37493848
94622310
85733431
103801496
37663248
37493831
46412943
57322639
56880078
76867718
37390551
40957676
38782112
38846122
38395286
92090285
86808179
49033636
37967235
56170319
38475993
38059721
66467582
63722994
42848552
48041507
50137017
73299872
92090291
81679993
68109848
38445488
99311245
89181719
103801485
40615968
57732242
35364576
57591747
80260437
53838059
42248333
76806582
69242552
35364542
49111005
97365888
37493837
95038614
46532282
75173238
82793152
78703037
79200508
39566015
43349192
93514361
37783838
44233607
78023007
104149144
101309955
37390494
68708152
40054521
57322645
50301001
41893970
47428636
99847517
39122842
49111014
89400485
58033023
37967201
38476002
80953171
45249732
59882900
101309964
40054530
62433849
87522307
44233616
38150939
56170328
80260446
47837492
39565981
57591756
70976895
71502905
103801494
39816869
92665335
96576358
37493846
99311211
38395275
38325649
75772473
78023016
38782110
93514370
94426602
51911188
39816703
40738997
82793147
104149139
52378561
47428631
99847526
91614226
59288867
48241868
66244795
38363694
66434613
69978904
66160138
37435979
39565990
37967210
67372687
48086397
77426112
52315321
49098271
75591343
53838068
68708147
90714285
49768116
47145855
37967167
42106877
76867716
82255003
92874014
38325615
38395284
37783833
37435988
73086254
52378570
52909383
48041511
46626767
71384254
48903344
42225678
97365892
37435945
53796815
59882895
59937920
42106886
72453586
45819687
93873720
99311220
72285692
37967176
87775506
81845458
75772482
37967099
73237257
38325624
37967133
39816678
81322422
96576353
46197196
101309959
50136992
71502914
37435954
48086406
74534077
38445518
38846141
53838063
68881160
38007743
59670052
60913553
79833435
46075396
59351444
37967142
72335785
66434622
49033729
46412945
67876033
37663267
82254978
66097600
94622329
74744155
58706671
75772448
39291161
87519772
38363689
39817205
61807065
94110500
71956379
38007752
59656407
73849244
53796824
39817214
45707345
42848611
57986129
37967108
56373684
49033695
87775501
41422546
39771243
73237266
86808181
94704957
53116156
51069305
101645811
79833444
67876042
37390553
42921011
74534086
49033134
48903339
100415103
35364567
78862907
58706680
62568987
68881155
39291170
91290776
42848620
102397437
66434617
49033704
87519767
49033661
101645820
51069314
97602838
42848577
81085063
77335119
94704966
63101758
48302900
38363664
45707354
46811505
86808190
79200533
37390519
39566083
57732267
98157919
38445513
56833769
101992134
37390562
94622304
74534052
42848586
49409132
42848543
38395280
69247223
76806573
49033670
40957670
71956388
49033627
87023773
35364533
99574344
47889734
72000201
80953176
92665340
51069280
57244872
62568996
65858008
57986104
37390485
80260471
41893961
37390528
82723219
38150944
38007747
44233641
98157928
39122867
94110495
78414756
53116151
73299863
87522312
72335789
81085072
38445479
97449775
73849248
37435941
48041490
83478134
59882891
78695477
56782157
66502295
73237253
43106396
53796811
41422550
53796828
79833448
70534866
45819683
38007739
53175341
38007756
37967095
53116160
37967112
54049720
74744151
44676666
38325577
52315300
49033138
46896967
39825940
87519759
101992138
39291174
39291157
37663246
101645807
56373688
37663263
68285417
43159744
49033708
45707358
45298723
49033725
42848607
42848624
38363685
67876046
38363668
94622325
93392106
97602842
72335781
50706960
46412941
74534073
38846120
37390566
82871406
38846137
94622308
63101762
58706684
59510186
56880076
42921007
86808194
45759987
91290780
62569000
71956392
37388362
40390339
48903335
42848573
99574348
61807061
59656403
49033674
49033691
100456381
39771239
48302904
38743576
42848590
42159987
46143018
92665327
51069284
95107640
41893991
81085076
51069301
60621230
48821277
57986108
57986125
94704953
99188807
48655255
57244876
69762248
40957674
42848424
86808177
51673808
37390549
65858012
90107136
79200529
42848556
57732263
56833765
102397433
68109852
47428640
87519763
35364563
78862903
49033640
84511400
35364580
57732246
42848539
49033657
77335115
76806586
97365909
73086271
47889738
80953180
62568983
46532286
62568966
40615972
75173242
79200512
37390498
41893974
95038618
39566079
73299876
38445509
82793156
38445492
100415099
41893957
37390515
38476006
48041520
40054534
38476023
50667920
37967231
35364546
42848522
69247219
76806569
93012028
39122863
66467586
72000197
56170315
80260467
38526614
80260450
35110850
93514374
44233637
96576362
47837496
51911192
61638967
37493850
57591760
72849057
103801498
82723215
85733433
63025533
82793139
94426606
62654568
38445475
87023769
37783842
94110491
53116147
48041503
40054517
50137013
99847530
81679989
71384275
48241872
37967214
38475989
38059717
101309951
54537375
80260433
80260416
44233603
93392119
39122846
69978908
66160142
77426116
57322641
92874018
39566011
53838072
92665331
49768103
42248329
103801481
37493833
44233620
38363698
38363681
57591743
37967197
38782114
78703033
39816865
39816699
92090287
38395288
99311241
78023003
76867720
80953167
50136996
71384258
99847513
91614230
48903348
47428644
37388375
44233586
62433845
39565977
99571089
59288863
39041507
73086258
54537358
39565994
45478747
66160125
58033019
75772469
71805614
37967163
93873724
37967180
87775510
81845462
39816682
87522303
99311207
70976891
99311224
81322426
42106873
75772486
38325645
47428627
37435958
59670056
69823114
38743572
87519776
46075400
104149135
52378557
86238651
59351448
66434626
77335102
66097604
40738993
66434609
68881164
37435975
40390335
38007773
97365896
50510037
37967129
75591339
38325628
38325611
74024158
68708143
37967146
49098267
47145851
47937202
98643277
42225682
38445522
82793126
37784931
37783829
75772452
82793143
82619850
63025537
82254982
82254999
93873719
100212173
37967175
37967218
92665332
49033653
38445505
56833761
95576669
39122850
103801502
38395272
90256650
76806565
47428639
99847534
68708155
56170302
98157920
38363702
59656408
61638954
72849053
80260454
37435987
38782118
92874022
97365905
41893953
71956380
80953179
59937919
49033696
77426111
68600770
39771244
97063702
72285691
68708144
97365891
81085064
38325623
77335120
71384262
82793155
44233633
73360210
54537362
81845466
87522304
39566084
57732268
46197195
48041519
78862908
100415104
104149136
59288864
45249735
81322430
39565998
80953168
35364568
63025529
44233590
62568988
57322637
47428628
75772447
37493829
58099658
62654581
76867733
85733429
75772490
59670051
39816686
42848544
67372684
87023765
53838071
80260472
37783850
80260429
47428614
39122868
79833443
38059713
73086262
38363677
66160121
95438050
82793144
37435962
73299864
77426129
81679985
37967236
38445480
103801477
77335106
56170320
69247224
70976878
37967193
53796823
71805618
48041508
37967150
57591748
45517217
82619854
49033628
37967107
82254986
93012027
73849243
69823118
50137009
37435976
82723220
59882892
38445526
99311237
60031018
44233608
74744152
46461137
35110815
39566016
78023008
48041494
83478138
51911180
99571085
40738989
59882878
99311223
101309956
94622303
62433841
39816704
70534870
58706679
42848619
58033024
42106869
38325641
50136995
91290775
75772465
41422554
49033703
92090292
89181720
38363663
47937206
48821269
56373683
101645819
53838060
82793130
74024162
49768108
46626764
38445501
38007769
37390527
49033142
48302899
98157927
103454082
70981201
99311212
47145856
78414755
37967168
99574357
81085071
53796798
37967125
45707362
42921008
45759988
87519775
74534051
49409131
66434605
98643273
57193281
99574343
54049733
37663250
71956387
93392110
48903347
52315313
95934878
37783825
68881163
62568995
82871410
65764505
78695473
56782153
39566091
75591344
40615967
68600766
101992142
43349191
98242198
42848594
53175337
38325616
40390340
43123521
49033635
59510190
73299871
48903336
82255004
42848551
38445487
60621234
66244796
59937912
35364575
37435980
39825953
80260479
67614909
38007755
59351447
69242551
40957678
38846133
37388366
49098272
44477833
53116159
40390326
47889742
57732250
37967100
62568970
57591755
46532290
70126525
49033721
51911187
46412937
46143022
49033678
38445530
87519764
41893978
94622321
38007744
56170327
52909384
74024166
75173246
37390502
74534069
53796816
47837491
39122875
84511413
65823358
35364550
37663268
42848526
101645812
76867715
49768115
100456377
69978903
42848569
66467590
58706672
38007730
38526618
94110492
38445476
74534055
78023015
53116148
51069297
102397429
51673807
65858011
89181727
71956391
38395283
79200525
57986121
82723202
60031014
37967232
48821273
86808173
63450093
42848612
44446238
38476010
47428653
96576366
44233615
79833436
51069283
35110834
38325580
75173241
77426117
49768104
41893990
38363682
57244875
39566078
57986107
48655254
95038617
103801482
38445508
99311242
82254985
39816866
78703034
92090288
87519779
38325614
74024161
81085075
42848572
99574347
48086396
42848555
91614231
68109851
37967215
101309952
35364579
49033673
57732262
59351451
76806585
79833445
49033722
66434612
47889737
78862902
46143017
69978909
89400482
40615971
62568982
44233636
37493849
94704967
48821274
93873725
71805615
37967181
87775511
82255000
63101759
73299875
66244792
38445491
41893956
99311208
90107133
38325629
42106874
50136997
45759984
56373691
38846123
37388376
38846140
37388359
83478137
45298720
90714282
39122862
40738994
72000196
66467585
73360207
38007742
39565978
92874017
57591742
37967130
47072582
74024159
51673811
49768102
103801497
38782113
38445506
78414757
92090286
75772453
82254983
38743573
99847529
37967230
74534076
74534059
40054516
38059716
54537374
69978907
44233619
66434610
56738070
37435959
95038615
75772468
77426115
38325578
93873723
52315301
37967179
37967196
37663264
39816681
87522302
38846138
46896968
39825941
38325644
87519760
37754848
97449776
80953166
66467583
83478135
100415102
38445472
47428643
66160124
44233585
41422551
43106397
76806583
53796829
71384257
38007757
37967096
39565993
38325627
53116144
50510036
82619849
37967145
94622309
77335118
52315316
37390567
82871407
39291175
82793142
100212163
75772451
38782111
38476009
68708142
82254998
38395285
56880077
62568969
103454079
69823113
42848542
52378556
104149134
101645808
68285418
37663247
45707359
39771240
59288862
49033709
42848608
73086257
37435974
82723201
41893992
81085077
51069285
99188808
74534040
60621231
47937201
52315299
57244877
57986109
39825939
79200530
86808178
37783828
65858013
77622523
102397434
48041489
35364581
37435940
35364532
99847527
48241869
73237252
53796827
43106395
53175340
42848591
35110836
49111004
80953181
97449774
66097603
92665328
74744150
38363684
41893975
70976894
38363667
46412940
72849058
75772466
44676665
39566080
49033137
99311227
87023770
94622307
73299877
63101761
94622324
58706683
56880075
37435989
57732264
62568984
45478750
38476024
42848557
68109853
47428624
78862904
99311244
39291156
49033658
57732247
37663262
76806570
46532287
97365893
49033724
73086272
37967094
40615973
73086255
62568967
35110819
42248330
82723216
48821276
37493834
61638968
44233621
90714284
99188806
57591744
57986124
40957673
94426607
65764506
59510185
101992137
86808193
42106876
48041504
91290779
42921006
40054535
38476007
37388361
93012029
100456380
57915181
39122864
35364530
49033707
42848606
39122847
75591336
73360209
40390341
48903337
42848618
57732265
58706678
91614228
66434615
67876040
38363662
48086399
39565992
71384256
101645818
94704955
45707352
77426114
98157917
70802660
79833442
63101756
99188809
37967135
38325617
81322424
50136994
52378563
42106888
38445511
99311222
38846143
69247221
49409130
49033702
87519765
76806571
78414754
48903346
38007745
94704964
68881162
56782163
66434624
37663269
37967144
37390560
98157926
87775508
42225680
37967101
73237259
38445477
87023771
39566081
94110493
46197198
72335787
46811503
38059719
37967233
40054519
49033668
74534079
38445520
99574342
75173236
43106394
72000199
38007754
59351446
45707347
37967110
76806580
46532280
39771245
93514359
37493835
42248331
39566090
57322643
95038612
40615966
46412947
42848613
47937200
103801483
43349190
44233639
92090289
39291163
53116149
82254980
87519774
39122874
38445486
99847515
73299870
66467580
39291172
87522305
37390555
102397439
56170326
42848579
40054528
69242550
83478132
71956381
56373686
97602840
86808183
94426600
92665333
44233605
45707356
49409125
78703035
51069307
93514368
37493844
39825938
78023005
37967199
49033136
38395273
56880074
39816701
63722992
38395282
104149137
59288865
78862909
42848588
80953169
35364569
102710563
40738995
62568989
47428629
40957672
71956390
100415105
37663244
66160136
37435977
37967208
39566022
49033663
44233614
42848545
67372685
68708145
38150946
51069316
103801492
81085065
76867714
48302902
39816710
50301008
77335121
69978902
41893963
99847524
94622306
66244793
49768114
37390521
47145853
86808192
101992136
37390564
49409134
74534054
114186011
87522314
92874012
51673806
89181726
78023014
75772471
38782108
39816876
56833771
35364535
56170321
37435986
35364578
42848554
48041509
49033629
49111007
77426110
57591749
40739004
47889736
80953178
82723221
51069282
59937918
72453584
45819685
46143016
62568998
37435943
37967174
53175343
38325656
79200510
75591341
37390487
57244874
39122869
52909381
75772480
75173240
50510039
51911181
68708154
71502912
41893972
38475995
47428638
81845456
37783831
65858010
82793145
81085074
37390530
49033638
97449777
49111016
81679995
99311247
42848520
38476004
37435952
89400487
35364544
89181721
53838061
52378568
59670050
103801487
46075394
50137019
53796813
49768109
37967140
49033727
46626765
72285690
52909390
74744153
80260439
39816871
96576360
97365890
39566017
57591758
50301003
45759989
82793154
101309957
37390496
38363687
48041518
39817212
45249734
41422544
53796822
59656405
99311213
57986127
80260448
73849242
49033693
68285419
73237264
39122844
90714287
39565983
35110848
53838070
38363696
101645809
42106879
38325651
37967169
51911190
42921009
68297387
82619862
51673813
93012035
39041502
37967115
46143023
43123522
49588365
70976886
73849251
38363705
40957679
94622322
54049723
82793129
38007736
63450085
73086270
69823126
42848429
56782154
74534061
61807060
69762253
56833764
98242199
53796808
99571084
97365908
48302909
37435961
49033679
72849050
71384270
37967158
47145846
76867730
57986122
54049732
81845463
81322433
50706963
63025532
82723214
100212165
84511405
79200517
37390503
91037264
47428622
85733426
75772487
97063705
82871409
47889743
39291154
38476022
86238646
81679979
103454081
47428645
49033688
43159747
68600776
42159984
46412938
75591334
40738988
57322634
41422553
42848627
49033645
50137003
37967224
51069298
37967124
61638966
59351460
45707361
54537359
58099664
45071894
90107139
37390512
77335103
70976881
54537368
37663249
67614908
100415096
60031015
44446239
96576367
82793127
48041502
50667925
35364551
62433835
37783847
50137012
62654573
42848527
101309950
56833762
53796806
42848570
42848427
95438047
100456378
59882886
38475988
69762251
81679988
48141267
48302907
71805624
42848593
93392118
85733421
41893977
38782119
67876047
82793136
63025530
97365906
39565999
45298718
60621233
59510198
59554211
84511403
79200515
38445529
41893954
98643267
38363703
56170303
76867725
70126524
42848536
49588363
37435968
77622525
99571082
37388374
62433844
69247216
46532289
35364560
80260421
35110821
77335112
38743579
38363669
74024174
79200524
98643276
38007763
81322431
44233591
58706685
39816687
91037262
91290781
50667923
57732249
97063703
49588372
49033686
45071889
38475986
38059714
99311229
71384263
86808172
45372120
49033643
38526617
40390334
56170312
44233634
42159982
78695467
72000194
70976879
40957681
39041504
77426130
37390510
37967194
39816696
82619855
37967151
38395291
45517218
87519781
65823366
42848534
50137010
62654571
69823119
76867723
38445527
47937207
46896966
100212172
49033652
68600769
99574349
37967217
78695476
101992145
56880083
59351453
67614906
95576668
45478744
39122849
90256649
35364558
102397428
66160122
58033016
48241875
39566008
71384272
44233600
81679986
38007772
38325642
42848434
47145848
37967160
87775490
53116142
72849052
82619864
81845465
62654580
37967117
58099657
51069291
72335780
85733428
38445493
70976888
76867732
60621240
75772489
54049725
69762258
73849253
87023764
38445470
49033143
47889745
66502294
38445536
42921000
56782156
37784919
86238648
69247214
56170310
54537361
42848563
45372118
46461138
38526615
76806564
62433842
93514375
50706965
38325608
71805617
57193282
57322636
42848629
39816694
71424848
98643274
77335105
49098264
39825954
52315314
37390505
37493828
96576369
45071887
44477834
99311236
60031017
37784928
70126517
68600767
35364553
78695474
43159749
56373693
38846125
101992143
100415089
48655248
97063710
57732256
39771238
39566006
95438049
53175338
42848529
53796799
97365899
44233598
92665326
38007770
51069300
39566072
49098270
77622524
42848635
76867724
50137011
53116157
51069306
75772481
51911182
70126523
71502913
35364559
69247215
81845457
45249726
77335111
101309958
48241876
38445485
73299869
37390511
60621232
38395292
37390554
48041510
42848578
52909382
67614907
100415095
46626766
37967152
101645821
42848535
52378569
57986130
62654572
57591750
56373685
38445528
72453585
45819686
59882894
57732248
38445471
82254977
37390497
84511411
49033144
96576361
48302901
69978901
45071888
39816709
41893962
38526616
46532288
62433843
80260463
51673805
56170311
45372119
37783841
56833770
53796800
80260420
78023013
38325643
53116143
35110863
87775491
99847514
42848521
37435953
82793135
102710562
71956389
51069292
99311228
35364545
53838062
42848621
49111017
53796814
42848435
99571090
49033651
68600768
97365900
79200509
78695475
67372693
101992144
37967216
46075404
38363697
100733810
72000202
97063711
102397427
45478743
58033015
58706670
42848421
38007771
49409133
39566007
44233599
63025538
71384271
41422545
59656406
79200523
57193283
52315315
39816695
98643275
99311214
87519780
49033694
73237265
62568997
56833756
40957680
45707353
47889744
38445535
56782155
59351452
54537360
90256648
50301002
46412939
72849051
40054522
38059722
38475994
98157918
73237251
47428637
49033680
81322425
37390561
42106889
52909389
47145847
87023763
37967159
82619863
42159976
39041503
37967202
49033637
39291169
62654579
50137018
37967116
40390342
87519766
46143024
81679994
70976887
67876041
51069313
73849252
94622323
75772488
71502906
100415088
39291155
66160130
57591757
53838069
35364552
49768117
42225681
37967102
81679980
56373692
38846124
43159748
86238647
59882887
38325650
94110494
38445478
73299862
57322635
76867717
42848628
75591335
48041517
51069299
51911189
69247222
35364566
68297386
50706964
53796821
59882901
45249733
101309965
38325607
81845464
76867731
38445521
71424847
42848585
62433850
71805616
85733427
37390504
37493827
66434625
37784927
47428623
47837493
60031016
52315322
39771246
38007735
62433836
42848571
39566014
46532281
95438048
69762252
53796807
99571083
35110813
94704954
44233606
78023006
56833763
42848428
41893969
52378562
42848528
37435960
99311221
48302908
51673812
80260456
56170318
63722993
58706677
45071895
97365907
90107140
77335104
89181718
87775498
96576368
82793128
97602841
56170304
45759983
72285693
92665334
50301009
73237258
49033644
38743580
40738987
41422552
87775484
68600775
46197197
94426601
39816702
93514369
58033022
81322432
39566000
74534046
40054529
63025531
45298719
44233592
62568990
49588364
84511404
38363661
39041510
79200516
37435946
56782162
71956382
97063704
38363704
91037263
41893955
72335786
57322642
75591342
49033730
46412946
38475987
71384264
49033687
94622330
37967166
39291162
42159983
44477828
47145854
81679987
58099663
87519773
70976880
39122841
47428630
73849245
54049731
82871408
100212164
99574341
37967209
37967109
46075397
67372686
59351445
50667924
59670053
45707346
37390514
39566012
81322427
39565995
79200511
38363699
44233604
92874019
67876043
43106399
78023004
37967198
38445525
67614910
39816700
41893973
58706681
79200528
76867721
50137014
71384276
62568999
38059718
40054518
87519762
81679990
38743575
49033656
35364562
57732245
38007759
44233587
45478748
56170299
74744148
41422547
53838073
102397432
58033020
46532285
37967098
60621244
93514373
72335784
47145852
37967164
45372122
38363665
57591759
94426605
62654584
39816683
99311225
87023768
38325646
82619851
51911191
70976892
53116146
40054533
69823115
66502298
91290777
42921004
71384259
49033141
69247218
50667919
49033639
38445474
78695463
76806568
56782160
62433846
39041508
38526613
75591340
38325612
57322640
71424852
51069304
42248328
49098268
47837495
85733432
37967147
48655252
103801480
52315318
37493832
87775494
50510038
76867719
98643278
78023002
39291160
37784932
38445523
47937203
40957677
38395287
87519777
46075401
48241871
101992141
59670057
68600765
98242197
99574345
37967213
52378558
94704950
44233602
59351449
56170314
39771242
45819684
39122845
39566010
81845461
75772485
92665330
54049721
37967113
39566076
44676667
51069287
72335782
74534042
39816698
39816864
99311240
65858015
78703032
63722995
37435942
61807064
73849249
71956378
71384274
56833768
38445489
99847512
49033139
78695478
73299873
53796795
56782158
53796812
56373689
73237254
38007740
58033018
99571088
42848559
39565976
53175342
39041506
47889741
90107137
94622326
38325610
60031013
97602843
82723218
37967162
50706961
49098266
46412942
57322638
47145850
76867734
74534057
40957675
46197199
78023017
38846121
63025536
93514371
38476026
82254981
37390501
44446237
96576365
86808195
37783845
42848525
37435957
47428626
59670055
101992139
39291158
59656404
86238650
35364549
48302905
37967228
43159745
97365895
42848625
77335101
49033726
75591338
46075399
40738992
51069302
37967128
38363701
75772483
93012031
42848425
101309954
37390550
82793125
51673809
87522300
81679992
71956393
62569001
42848574
61807062
59882890
48041506
38475992
83478133
84511401
73849247
53796810
57986126
49033675
37967211
49033692
98242195
46143019
54537372
35110853
47889739
46626762
41422549
37967111
72453587
81845459
41893958
81322429
75173243
45707357
67876045
44446235
63025534
74534072
75772449
82871405
67614912
100415100
45759986
79200513
37390516
37390499
68708140
81679975
56833766
47428641
37435972
42848540
50667921
97063701
37388378
35364547
50137016
68285416
69247220
76806587
35364564
49033641
50136999
39291173
101645823
56373687
97365910
50706959
77335116
43159743
99571086
37663245
79833447
42848623
59288860
53838058
80953164
44233638
95107639
96576363
47837497
60621229
51911193
94704952
57591761
103801499
38782115
82793140
42848423
99311210
37390565
69762247
86808176
78414759
62654569
90107135
38475990
59554207
40390338
42848589
62433848
42848523
59656402
49033690
87775496
48302903
72000198
45298722
56170316
42159986
99311219
74534047
99571081
37435984
87519785
46461133
80557491
50136991
38325620
46075409
75772461
101992146
59554213
99574353
37967172
48903340
37663254
46197192
59351457
101645815
40957682
39771247
49033699
59937916
62433837
58706675
70981197
59510194
67372692
68881156
42848615
38325637
38743581
45478742
37388370
48903343
95934882
72285688
59656411
59351443
53796820
40390330
47889746
39825949
38007765
68881159
37967104
62568991
74024170
37390523
53175333
54049729
37967121
59670048
41893982
60621238
87519771
38445497
98643269
73849257
60736904
71956383
49033682
78414751
49409127
38445534
81085067
46075392
42159978
87519768
99574339
98157923
44477829
65764501
78862911
52315309
57193277
48655246
52909388
78695469
39566087
42848633
43349187
58706676
53116155
65823362
100415090
38007748
94110496
62568974
67614905
71424846
53116152
42848547
49033631
37663272
42848530
38007751
38846129
38445483
79833440
94110499
39122871
38526622
38007734
56880085
38476014
37390506
69242547
66502290
94622317
35364571
39566070
35364554
56782149
73299867
57732254
69247227
101645816
92090295
39771248
49033700
86808169
49033717
56170306
56170323
53116138
38395276
92665336
38395293
42848616
51069293
70126521
89181723
49588369
82723206
57591751
42848433
78023011
69762257
74534065
44233611
39122854
61638958
51911183
71956384
39566019
45439333
68600774
45249727
38445466
38363706
37967222
48241877
39816690
54537366
100456373
95576665
87522311
65858007
39816707
49409128
78414752
75772494
35364589
81322434
62568992
98157924
49768111
99574340
84511409
78862912
49768094
38150943
56833757
35364572
87522308
39566088
43349188
44233594
38395279
39771234
39566002
46726661
79200521
73360214
37390524
80953172
59288868
51069279
42848548
47428649
81085068
92665339
77426107
67372688
71384266
42848565
97063706
104149140
63450089
58099662
57986117
38150940
49033649
99571077
73299868
97365887
46197191
39122872
38445484
59937915
99311215
41893949
82793151
82619858
68708148
39041498
47428635
67372691
69242548
68708151
100415094
100212169
104149143
69247228
72849049
82793148
97365901
35110876
37435983
62654577
73086266
70976882
69823122
80953175
71805622
38325619
37967154
47428632
77335110
37967171
49033632
47145859
69438334
47145842
78023012
101309960
82793134
74744156
59670047
82254990
46075391
37435966
57322633
47428618
48041498
59882899
45249728
39566020
44233612
48041515
52909387
44233629
72285687
41422558
101309963
70534874
69978900
45249731
56170324
75591330
76867729
53838064
48041512
61638962
48241881
51911184
49768112
46626768
57591752
37493825
89181724
85733425
79833439
53838067
45071890
77426125
81679981
77426108
42921012
38363673
37967189
53796802
53796819
82871414
99311233
39816708
99311216
37967103
50137005
83478142
50136988
74744159
103454086
93392114
48141269
37663271
52315303
38325640
61638957
45439329
39122853
51069289
75772464
38325574
65823364
38476013
37784917
47937205
38395289
87522298
100415098
38846134
99847531
46896964
70981191
46726657
38445468
48241873
77622527
47428613
70534869
69438338
42848595
60621235
57986113
37967092
37663260
66097607
82723205
71805626
38363671
98643272
44676669
82254994
80260423
53116140
93392109
82793138
41893979
58706687
63450094
56880079
86808174
68708138
52315312
39825943
74534070
68109857
35364585
65764504
40615977
62568971
42848604
57732251
37435970
46461136
38007768
99311231
48041493
70126526
42848538
39771236
77335114
73086259
70981200
53796797
59554216
97365897
44233630
42848561
35110866
45439327
59510189
57193280
86808197
79200526
82723203
35110832
39816692
93012033
94622311
99188804
95576670
39825952
95934877
47428654
41893988
38476011
37388365
73086268
84511414
78695472
49033654
46896962
57915185
57732260
82871418
53175336
73360213
38526619
102397430
83478146
62568980
49033711
103454090
72849054
44233625
81085079
82723212
77426121
61638955
38363680
37967119
39122851
87519783
82619860
74024165
62654582
99574351
75173245
87023766
94622320
47428620
70976890
42848602
40390325
37967219
68109855
40615975
48041491
35364583
59351455
42921002
82254989
100212174
38476020
49033720
46412936
75591332
75772462
46143021
78862900
57986111
70534867
70981198
49033677
37663258
79833449
76806566
45478746
74744146
93392107
42106872
59510187
57986120
57591740
95934875
48821272
37493830
65764502
85733430
71805619
99188802
46726664
83478141
37967185
48041500
66502285
63101763
60621242
38445495
41893986
92090284
65823357
56373695
70534876
37388363
42848568
100456376
50137001
81679977
66467589
73360211
93873729
47072580
39122860
66434608
56738068
61638964
39566074
103801478
71424850
95107641
35110830
38782117
38325576
49768100
44233623
69762249
59510196
41893952
82254987
38325633
39816862
99311238
74024163
75772457
70981193
38846127
74534063
59554209
49033718
38445504
57915183
103801501
66097609
38363678
93392116
46461129
48655250
37435963
57732258
62568978
38743577
56170301
78862898
52315305
43106401
39825945
53175329
42106870
39565997
44233589
45298716
92874021
95038619
41422555
46726662
69438340
77426119
37967183
48821270
98643265
38846136
82723210
82254996
39816685
39122858
71384261
38007738
100456374
63450087
38476018
99574358
83478139
93873727
40738990
44233632
37388372
37967226
78695465
38007761
66467587
99847533
49033713
66434606
75772455
94622313
37967192
54049734
54537370
74024172
37663251
37967149
49768098
63450096
56880081
38325631
57591738
82871411
50137008
82619853
100212167
69823117
38445502
83478148
62568973
103454083
56738066
47428647
73086261
38059712
40390332
77426128
37967126
47072578
56782151
38445531
82793132
69762256
42848432
37390557
70976883
37783852
38395295
52378566
59882897
95438052
69823123
42848532
37435964
48041513
81322421
52909385
47145843
45707349
72453582
37967155
57591753
73299866
49033633
62654575
39122873
76867727
77335108
56170322
82619859
53116154
39041499
70126520
51069309
62433840
85733423
69247212
94622319
81845454
35364556
66434621
44233610
78023010
73237262
56170308
53838065
79200520
49768113
92665338
75591331
39566018
46626769
51911185
35364591
42848581
51069295
53796817
87775488
37784923
101309961
74534050
48302898
38445517
39816706
86808168
82254974
41422556
45249729
39566004
42225677
48241879
37435950
56833773
71424843
59882883
38363708
89181722
71956386
49588368
37493823
84511408
59656409
53796803
99571079
43123520
99311217
38007731
39041500
42848567
56833759
46412950
67876038
81322436
62568994
49033648
37967170
47145858
72335790
44477832
57322646
39291166
59937914
97365903
56782152
95576664
44233596
41893965
70976884
58706673
45071891
67372690
71384268
47428634
97063708
100212168
82871412
72849048
46197193
72285689
49033683
62654576
42159979
76867728
45249730
60621236
51069310
58099659
93514365
54049727
48241880
85733424
37493824
73849255
68600771
49033697
38395296
57591754
38445532
45707350
45298715
37390558
72000205
69823124
46075407
51911186
40054525
98157921
41893951
50301005
59882898
59670049
90256651
48041514
52909386
97602837
47145844
37967156
49033634
38059725
38475997
60736905
53796818
59351441
50706967
101309962
42848582
46626770
99311232
42848631
81679983
56833774
71424844
50137021
87519769
75772491
38526620
47889747
100415091
37390507
53838066
37967105
46075393
81845467
51069296
39566068
54537363
57732252
69247225
99847518
37967205
50137007
45071892
77335107
49033698
72000206
38325653
58706674
53116153
97365904
81845453
70126519
35364555
62433839
38445467
59656410
69247211
42848617
82793131
53796804
43159751
99311218
38007732
99571080
71502909
94110497
38325639
95438051
75772477
48141271
41893966
56833760
72453581
73299865
37663273
38445481
68600772
42848531
52378565
37967220
48302897
39816705
74534049
63025528
59351456
82254973
54537364
35110845
80260459
96576357
98157922
79200519
37435949
38475998
40054526
49588367
71956385
38363707
60736906
90256652
59554215
39817206
84511407
91037260
44233609
78023009
49033684
49409129
42848431
98643271
69762255
50301006
56170307
42159980
87519784
92665337
46075408
50137022
37967120
93514366
54049728
87519770
38743583
58099660
87775487
73849256
46197194
38007767
78695471
59937913
38846128
43159752
44233595
71502910
100415092
94110498
66160134
80260474
37390508
47889748
75772478
39566003
81845468
47428633
37967106
67372689
71384267
69247226
97063707
38445482
37967206
73237261
59351442
39816691
43123519
67614904
38325654
41422541
42848632
81322435
38363693
44477831
81679984
75772492
46412949
62568993
71805620
49033647
67876037
50706968
47145857
86808182
73086267
94704958
42106885
82254988
57732259
49033719
38476019
79200534
78862899
38363679
39565975
49033676
62568979
44233624
38007753
71424851
39566075
93012032
35110874
71384253
47428619
40739005
39565989
39816863
99311239
74024164
38150945
75772470
81679976
70534875
63450088
56880073
99574359
83478140
100456375
37663266
50137000
74744154
94622305
37967227
93873728
56738067
47428648
66467588
95038620
61638963
39122859
47072579
57986119
42106871
38476005
57591739
38395281
97449778
46726663
102397438
77426120
48086405
48821271
49033705
82723211
37967184
49033662
45439335
48041499
79833434
37967141
65823356
37390529
65858009
37390486
99188810
57986105
43349193
101645810
38445503
59554208
103801500
104149145
93392115
46461128
81085073
49033133
87522313
42921010
66434607
37783830
37967127
48903338
95934883
37663252
87023774
54537371
76806574
35364577
35364534
38782116
49768099
42848553
39817213
49111006
40615969
42848610
103454084
59510195
57244873
80953177
38325632
51069281
75772456
99847532
38363686
70981192
70802661
78703038
39816870
63101757
82793153
97365889
66097608
86808189
68708153
101992133
59288859
78695464
69438339
42848596
38325618
37388371
39566082
38007760
80953163
44233631
71805627
39825944
57732266
62568986
99311246
43106400
37435985
91614229
38325575
78862906
68109849
92874020
38846135
103801486
80260481
69242553
87522299
68708139
42248334
37493838
37435971
39565982
38007746
62568972
90714286
73086260
35110824
38059711
40390331
42106878
77426127
89400486
53175328
49033669
82254995
74024171
40957669
41893980
94622312
49033626
69978905
58706688
44233617
56880080
86808175
94704965
56170329
39816684
63450095
69823116
38363672
82619852
48821278
95038613
46896963
37967177
47428655
79833441
74024157
75173237
49033655
37967134
47889733
47428612
92090290
70534868
37390493
37967091
66502291
83478147
82723204
50136993
103454091
74744147
49033712
40738998
37967191
37967234
51069288
45439328
39122852
61638956
65823363
75772463
66434614
39122866
57591746
76806581
77426113
38476012
48086398
101645817
49768106
51069317
46461135
103801493
42848603
42921003
93873721
35364584
38325625
40615976
48041492
39771235
81085066
37493845
37390522
57986112
38395274
53796796
70981199
42848560
37663259
38445510
49111013
93392108
66467581
53116139
87522306
68881161
48903345
52315311
46726656
68109856
35364541
99574352
77335122
37388364
68708146
66097601
39566089
39825951
57915184
66244794
73360212
53175335
82255002
80260431
48655251
39816877
35364570
82793146
38782109
92874013
57193279
59288866
60621243
104149138
59510188
80953170
53796825
78414753
99847525
38846142
65764503
95934876
37435978
99188803
41893987
42848546
38445496
53175344
52315320
37967132
59554210
59351454
46075406
69762250
62433834
82871417
45478745
49033135
95038611
63722991
71384273
96576352
58033017
93392117
38743578
38475996
39041505
35364536
37783832
95107642
72000207
49768101
66467579
46461130
39291171
57986110
59510197
87519782
42848426
49111008
99574350
76806579
97602839
37435944
70976889
94622328
46412944
68109854
50667922
49033685
42921001
73237256
45707355
42848601
56373694
40390333
93514367
37493843
86808191
42159981
78695466
37390563
38363688
101992135
78703043
39825946
99311248
42848587
52315306
74024173
38007762
45298717
81679996
40957671
37967118
38445494
73299878
50137020
35110840
54049726
82254997
99188801
37967207
98643266
51069315
49033728
60621241
94704956
46896965
90714288
83478149
56880082
74534062
39565984
75772479
75173239
38846126
99847523
42106880
48655249
37390552
57732257
71502911
81845455
86808180
69978910
68297388
39566073
47837498
94622314
38325609
71424849
42848630
49033671
49098265
44233622
47889735
38395290
68285420
57986128
87775500
76867722
72453583
60913552
70126518
41893985
63450086
38445469
38007737
66502293
37783839
69247213
79200532
42848519
80260461
37663261
37390495
38445512
57986114
45372117
42225672
37967093
48241874
41893971
46811504
49111015
102397436
53116141
51069290
66434616
93873726
37967182
84511406
49033660
35364543
65823365
49588366
57732243
40739003
35364586
42848576
48086400
46532283
41893960
40615978
103801495
42848605
35110847
47428646
96576359
37493847
39771237
47072577
49033646
39566005
46412948
37967225
56738065
44233597
97365898
58099665
42848562
94426603
72335788
39122843
38846144
39817211
87023772
54537369
76806572
40054531
38476003
37435951
56170309
49768097
79200518
68109858
91037265
100212166
75772454
56782164
93514360
37493836
70802659
73849250
73086269
70981190
62654574
57915186
51069308
44233640
38363695
77622526
69823125
78862901
69438337
57322644
53796830
71805625
62568981
92665325
92874015
81322423
71502915
39291164
50301000
37390513
74534080
38059720
93012034
40054520
39816693
39041501
82619861
91614227
72000200
66160139
103801484
67876039
87522297
39565991
42248332
44233583
100415097
70534877
37967143
86238645
39565980
42106887
38476021
87775507
37435969
42848537
39816679
81679978
39816868
78703036
42848626
35364561
37967200
75591333
35110822
37967157
56833772
77335113
37493822
99847516
37784925
47145845
89400484
82723213
52378571
82793137
101992128
50706962
94704963
42225679
77426122
58706686
66160128
71384255
47428621
66434623
71502904
53796805
82254979
37390488
59882885
50137002
101309949
47937199
99311230
43159746
38325648
93873730
61638965
39122861
49033710
75772472
48141266
39566009
57591741
38363670
45439326
52378560
40738996
37435955
90107138
38445519
38325634
48041501
91290782
73237267